1 0 0 
1 0 1 
250 1 0
1
274 1 0
1
724 1 0
1
5 0 0 
5 0 1 
250 5 0
1
276 5 0
1
725 5 0
1
9 0 0 
9 0 1 
251 9 0
1
278 9 0
1
726 9 0
1
13 0 0 
13 0 1 
251 13 0
1
280 13 0
1
727 13 0
1
17 0 0 
17 0 1 
252 17 0
1
274 17 0
1
728 17 0
1
21 0 0 
21 0 1 
252 21 0
1
276 21 0
1
729 21 0
1
25 0 0 
25 0 1 
253 25 0
1
278 25 0
1
730 25 0
1
29 0 0 
29 0 1 
253 29 0
1
280 29 0
1
731 29 0
1
33 0 0 
33 0 1 
254 33 0
1
275 33 0
1
732 33 0
1
37 0 0 
37 0 1 
254 37 0
1
277 37 0
1
733 37 0
1
41 0 0 
41 0 1 
255 41 0
1
279 41 0
1
734 41 0
1
45 0 0 
45 0 1 
255 45 0
1
281 45 0
1
735 45 0
1
49 0 0 
49 0 1 
256 49 0
1
275 49 0
1
736 49 0
1
53 0 0 
53 0 1 
256 53 0
1
277 53 0
1
737 53 0
1
57 0 0 
57 0 1 
257 57 0
1
279 57 0
1
738 57 0
1
61 0 0 
61 0 1 
257 61 0
1
281 61 0
1
739 61 0
1
65 0 0 
65 0 1 
258 65 0
1
282 65 0
1
740 65 0
1
69 0 0 
69 0 1 
258 69 0
1
284 69 0
1
741 69 0
1
73 0 0 
73 0 1 
259 73 0
1
286 73 0
1
742 73 0
1
77 0 0 
77 0 1 
259 77 0
1
288 77 0
1
743 77 0
1
81 0 0 
81 0 1 
260 81 0
1
282 81 0
1
744 81 0
1
85 0 0 
85 0 1 
260 85 0
1
284 85 0
1
745 85 0
1
89 0 0 
89 0 1 
261 89 0
1
286 89 0
1
746 89 0
1
93 0 0 
93 0 1 
261 93 0
1
288 93 0
1
747 93 0
1
97 0 0 
97 0 1 
262 97 0
1
283 97 0
1
748 97 0
1
101 0 0 
101 0 1 
262 101 0
1
285 101 0
1
749 101 0
1
105 0 0 
105 0 1 
263 105 0
1
287 105 0
1
750 105 0
1
109 0 0 
109 0 1 
263 109 0
1
289 109 0
1
751 109 0
1
113 0 0 
113 0 1 
264 113 0
1
283 113 0
1
752 113 0
1
117 0 0 
117 0 1 
264 117 0
1
285 117 0
1
753 117 0
1
121 0 0 
121 0 1 
265 121 0
1
287 121 0
1
754 121 0
1
125 0 0 
125 0 1 
265 125 0
1
289 125 0
1
755 125 0
1
129 0 1 
130 0 1 
131 0 1 
132 0 1 
133 0 1 
134 0 1 
135 0 1 
136 0 1 
137 0 0 
137 0 1 
266 137 1
267 137 1
268 137 1
269 137 1
270 137 1
271 137 1
272 137 1
273 137 1
250 0 0 
250 0 1 
251 0 0 
251 0 1 
252 0 0 
252 0 1 
253 0 0 
253 0 1 
254 0 0 
254 0 1 
255 0 0 
255 0 1 
256 0 0 
256 0 1 
257 0 0 
257 0 1 
258 0 0 
258 0 1 
259 0 0 
259 0 1 
260 0 0 
260 0 1 
261 0 0 
261 0 1 
262 0 0 
262 0 1 
263 0 0 
263 0 1 
264 0 0 
264 0 1 
265 0 0 
265 0 1 
266 0 0 
266 0 1 
267 0 0 
267 0 1 
268 0 0 
268 0 1 
269 0 0 
269 0 1 
270 0 0 
270 0 1 
271 0 0 
271 0 1 
272 0 0 
272 0 1 
273 0 0 
273 0 1 
274 0 0 
274 0 1 
275 0 0 
275 0 1 
276 0 0 
276 0 1 
277 0 0 
277 0 1 
278 0 0 
278 0 1 
279 0 0 
279 0 1 
280 0 0 
280 0 1 
281 0 0 
281 0 1 
282 0 0 
282 0 1 
283 0 0 
283 0 1 
284 0 0 
284 0 1 
285 0 0 
285 0 1 
286 0 0 
286 0 1 
287 0 0 
287 0 1 
288 0 0 
288 0 1 
289 0 0 
289 0 1 
290 0 0 
290 0 1 
338 290 0
1
340 290 0
1
293 0 0 
293 0 1 
338 293 0
1
341 293 0
1
296 0 0 
296 0 1 
339 296 0
1
340 296 0
1
299 0 0 
299 0 1 
339 299 0
1
341 299 0
1
302 0 0 
302 0 1 
342 302 0
1
344 302 0
1
305 0 0 
305 0 1 
342 305 0
1
345 305 0
1
308 0 0 
308 0 1 
343 308 0
1
344 308 0
1
311 0 0 
311 0 1 
343 311 0
1
345 311 0
1
314 0 0 
314 0 1 
315 0 0 
315 0 1 
316 0 0 
316 0 1 
317 0 0 
317 0 1 
318 0 0 
318 0 1 
319 0 0 
319 0 1 
320 0 0 
320 0 1 
321 0 0 
321 0 1 
338 0 0 
338 0 1 
339 0 0 
339 0 1 
340 0 0 
340 0 1 
341 0 0 
341 0 1 
342 0 0 
342 0 1 
343 0 0 
343 0 1 
344 0 0 
344 0 1 
345 0 0 
345 0 1 
346 0 0 
346 0 1 
347 0 0 
347 0 1 
348 0 0 
348 0 1 
349 0 0 
349 0 1 
350 0 0 
350 0 1 
351 0 0 
351 0 1 
352 0 0 
352 0 1 
353 0 0 
353 0 1 
354 0 0 
354 0 1 
554 354 557 354 560 354 597 354 1
692 354 1
696 354 1
700 354 1
704 354 1
640 354 1
645 354 1
590 354 592 354 367 0 0 
367 0 1 
555 367 558 367 596 367 1
563 367 693 367 1
697 367 1
701 367 1
705 367 1
586 367 588 367 650 367 1
655 367 1
380 0 0 
380 0 1 
556 380 595 380 1
561 380 564 380 694 380 1
698 380 1
702 380 1
706 380 1
640 380 1
589 380 650 380 1
593 380 393 0 0 
393 0 1 
594 393 1
559 393 562 393 565 393 695 393 1
699 393 1
703 393 1
707 393 1
587 393 645 393 1
591 393 655 393 1
406 0 0 
406 0 1 
574 406 577 406 580 406 601 406 1
708 406 1
712 406 1
716 406 1
720 406 1
620 406 1
625 406 1
570 406 572 406 419 0 0 
419 0 1 
575 419 578 419 600 419 1
583 419 709 419 1
713 419 1
717 419 1
721 419 1
566 419 568 419 630 419 1
635 419 1
432 0 0 
432 0 1 
576 432 599 432 1
581 432 584 432 710 432 1
714 432 1
718 432 1
722 432 1
620 432 1
569 432 630 432 1
573 432 445 0 0 
445 0 1 
598 445 1
579 445 582 445 585 445 711 445 1
715 445 1
719 445 1
723 445 1
567 445 625 445 1
571 445 635 445 1
554 0 1 
555 0 1 
556 0 1 
557 0 1 
558 0 1 
559 0 1 
560 0 1 
561 0 1 
562 0 1 
563 0 1 
564 0 1 
565 0 1 
566 0 1 
567 0 1 
568 0 1 
569 0 1 
570 0 1 
571 0 1 
572 0 1 
573 0 1 
574 0 1 
575 0 1 
576 0 1 
577 0 1 
578 0 1 
579 0 1 
580 0 1 
581 0 1 
582 0 1 
583 0 1 
584 0 1 
585 0 1 
586 0 1 
587 0 1 
588 0 1 
589 0 1 
590 0 1 
591 0 1 
592 0 1 
593 0 1 
594 0 0 
595 0 0 
596 0 0 
597 0 0 
598 0 0 
599 0 0 
600 0 0 
601 0 0 
602 0 0 
602 0 1 
620 602 1
625 602 1
630 602 1
635 602 1
607 0 0 
607 0 1 
640 607 1
645 607 1
650 607 1
655 607 1
620 0 0 
620 0 1 
692 620 1
693 620 1
694 620 1
695 620 1
625 0 0 
625 0 1 
696 625 1
697 625 1
698 625 1
699 625 1
630 0 0 
630 0 1 
700 630 1
701 630 1
702 630 1
703 630 1
635 0 0 
635 0 1 
704 635 1
705 635 1
706 635 1
707 635 1
640 0 0 
640 0 1 
708 640 1
709 640 1
710 640 1
711 640 1
645 0 0 
645 0 1 
712 645 1
713 645 1
714 645 1
715 645 1
650 0 0 
650 0 1 
716 650 1
717 650 1
718 650 1
719 650 1
655 0 0 
655 0 1 
720 655 1
721 655 1
722 655 1
723 655 1
692 0 0 
692 0 1 
693 0 0 
693 0 1 
694 0 0 
694 0 1 
695 0 0 
695 0 1 
696 0 0 
696 0 1 
697 0 0 
697 0 1 
698 0 0 
698 0 1 
699 0 0 
699 0 1 
700 0 0 
700 0 1 
701 0 0 
701 0 1 
702 0 0 
702 0 1 
703 0 0 
703 0 1 
704 0 0 
704 0 1 
705 0 0 
705 0 1 
706 0 0 
706 0 1 
707 0 0 
707 0 1 
708 0 0 
708 0 1 
709 0 0 
709 0 1 
710 0 0 
710 0 1 
711 0 0 
711 0 1 
712 0 0 
712 0 1 
713 0 0 
713 0 1 
714 0 0 
714 0 1 
715 0 0 
715 0 1 
716 0 0 
716 0 1 
717 0 0 
717 0 1 
718 0 0 
718 0 1 
719 0 0 
719 0 1 
720 0 0 
720 0 1 
721 0 0 
721 0 1 
722 0 0 
722 0 1 
723 0 0 
723 0 1 
724 0 0 
724 0 1 
725 0 0 
725 0 1 
726 0 0 
726 0 1 
727 0 0 
727 0 1 
728 0 0 
728 0 1 
729 0 0 
729 0 1 
730 0 0 
730 0 1 
731 0 0 
731 0 1 
732 0 0 
732 0 1 
733 0 0 
733 0 1 
734 0 0 
734 0 1 
735 0 0 
735 0 1 
736 0 0 
736 0 1 
737 0 0 
737 0 1 
738 0 0 
738 0 1 
739 0 0 
739 0 1 
740 0 0 
740 0 1 
741 0 0 
741 0 1 
742 0 0 
742 0 1 
743 0 0 
743 0 1 
744 0 0 
744 0 1 
745 0 0 
745 0 1 
746 0 0 
746 0 1 
747 0 0 
747 0 1 
748 0 0 
748 0 1 
749 0 0 
749 0 1 
750 0 0 
750 0 1 
751 0 0 
751 0 1 
752 0 0 
752 0 1 
753 0 0 
753 0 1 
754 0 0 
754 0 1 
755 0 0 
755 0 1 
