1 PI 724 274 250 ;
5 PI 725 276 250 ;
9 PI 726 278 251 ;
13 PI 727 280 251 ;
17 PI 728 274 252 ;
21 PI 729 276 252 ;
25 PI 730 278 253 ;
29 PI 731 280 253 ;
33 PI 732 275 254 ;
37 PI 733 277 254 ;
41 PI 734 279 255 ;
45 PI 735 281 255 ;
49 PI 736 275 256 ;
53 PI 737 277 256 ;
57 PI 738 279 257 ;
61 PI 739 281 257 ;
65 PI 740 282 258 ;
69 PI 741 284 258 ;
73 PI 742 286 259 ;
77 PI 743 288 259 ;
81 PI 744 282 260 ;
85 PI 745 284 260 ;
89 PI 746 286 261 ;
93 PI 747 288 261 ;
97 PI 748 283 262 ;
101 PI 749 285 262 ;
105 PI 750 287 263 ;
109 PI 751 289 263 ;
113 PI 752 283 264 ;
117 PI 753 285 264 ;
121 PI 754 287 265 ;
125 PI 755 289 265 ;
129 PI 266 ;
130 PI 267 ;
131 PI 268 ;
132 PI 269 ;
133 PI 270 ;
134 PI 271 ;
135 PI 272 ;
136 PI 273 ;
137 PI 273 272 271 270 269 268 267 266 ;
250 XOR 290 ;
251 XOR 290 ;
252 XOR 293 ;
253 XOR 293 ;
254 XOR 296 ;
255 XOR 296 ;
256 XOR 299 ;
257 XOR 299 ;
258 XOR 302 ;
259 XOR 302 ;
260 XOR 305 ;
261 XOR 305 ;
262 XOR 308 ;
263 XOR 308 ;
264 XOR 311 ;
265 XOR 311 ;
266 AND 346 ;
267 AND 347 ;
268 AND 348 ;
269 AND 349 ;
270 AND 350 ;
271 AND 351 ;
272 AND 352 ;
273 AND 353 ;
274 XOR 314 ;
275 XOR 314 ;
276 XOR 315 ;
277 XOR 315 ;
278 XOR 316 ;
279 XOR 316 ;
280 XOR 317 ;
281 XOR 317 ;
282 XOR 318 ;
283 XOR 318 ;
284 XOR 319 ;
285 XOR 319 ;
286 XOR 320 ;
287 XOR 320 ;
288 XOR 321 ;
289 XOR 321 ;
290 XOR 340 338 ;
293 XOR 341 338 ;
296 XOR 340 339 ;
299 XOR 341 339 ;
302 XOR 344 342 ;
305 XOR 345 342 ;
308 XOR 344 343 ;
311 XOR 345 343 ;
314 XOR 354 ;
315 XOR 367 ;
316 XOR 380 ;
317 XOR 393 ;
318 XOR 406 ;
319 XOR 419 ;
320 XOR 432 ;
321 XOR 445 ;
338 XOR 350 ;
339 XOR 351 ;
340 XOR 352 ;
341 XOR 353 ;
342 XOR 346 ;
343 XOR 347 ;
344 XOR 348 ;
345 XOR 349 ;
346 XOR 354 ;
347 XOR 367 ;
348 XOR 380 ;
349 XOR 393 ;
350 XOR 406 ;
351 XOR 419 ;
352 XOR 432 ;
353 XOR 445 ;
354 XOR 592 590 645 640 704 700 696 692 597 560 557 554 ;
367 XOR 655 650 588 586 705 701 697 693 563 596 558 555 ;
380 XOR 593 650 589 640 706 702 698 694 564 561 595 556 ;
393 XOR 655 591 645 587 707 703 699 695 565 562 559 594 ;
406 XOR 572 570 625 620 720 716 712 708 601 580 577 574 ;
419 XOR 635 630 568 566 721 717 713 709 583 600 578 575 ;
432 XOR 573 630 569 620 722 718 714 710 584 581 599 576 ;
445 XOR 635 571 625 567 723 719 715 711 585 582 579 598 ;
554 594 ;
555 594 ;
556 594 ;
557 595 ;
558 595 ;
559 595 ;
560 596 ;
561 596 ;
562 596 ;
563 597 ;
564 597 ;
565 597 ;
566 620 ;
567 620 ;
568 625 ;
569 625 ;
570 630 ;
571 630 ;
572 635 ;
573 635 ;
574 598 ;
575 598 ;
576 598 ;
577 599 ;
578 599 ;
579 599 ;
580 600 ;
581 600 ;
582 600 ;
583 601 ;
584 601 ;
585 601 ;
586 640 ;
587 640 ;
588 645 ;
589 645 ;
590 650 ;
591 650 ;
592 655 ;
593 655 ;
594 AND 602 ;
595 AND 602 ;
596 AND 602 ;
597 AND 602 ;
598 AND 607 ;
599 AND 607 ;
600 AND 607 ;
601 AND 607 ;
602 OR 635 630 625 620 ;
607 OR 655 650 645 640 ;
620 AND 695 694 693 692 ;
625 AND 699 698 697 696 ;
630 AND 703 702 701 700 ;
635 AND 707 706 705 704 ;
640 AND 711 710 709 708 ;
645 AND 715 714 713 712 ;
650 AND 719 718 717 716 ;
655 AND 723 722 721 720 ;
692 AND 724 ;
693 AND 725 ;
694 AND 726 ;
695 AND 727 ;
696 AND 728 ;
697 AND 729 ;
698 AND 730 ;
699 AND 731 ;
700 AND 732 ;
701 AND 733 ;
702 AND 734 ;
703 AND 735 ;
704 AND 736 ;
705 AND 737 ;
706 AND 738 ;
707 AND 739 ;
708 AND 740 ;
709 AND 741 ;
710 AND 742 ;
711 AND 743 ;
712 AND 744 ;
713 AND 745 ;
714 AND 746 ;
715 AND 747 ;
716 AND 748 ;
717 AND 749 ;
718 AND 750 ;
719 AND 751 ;
720 AND 752 ;
721 AND 753 ;
722 AND 754 ;
723 AND 755 ;
724 XOR 20001;
725 XOR 20002;
726 XOR 20003;
727 XOR 20004;
728 XOR 20005;
729 XOR 20006;
730 XOR 20007;
731 XOR 20008;
732 XOR 20009;
733 XOR 20010;
734 XOR 20011;
735 XOR 20012;
736 XOR 20013;
737 XOR 20014;
738 XOR 20015;
739 XOR 20016;
740 XOR 20017;
741 XOR 20018;
742 XOR 20019;
743 XOR 20020;
744 XOR 20021;
745 XOR 20022;
746 XOR 20023;
747 XOR 20024;
748 XOR 20025;
749 XOR 20026;
750 XOR 20027;
751 XOR 20028;
752 XOR 20029;
753 XOR 20030;
754 XOR 20031;
755 XOR 20032;
PO 20032 ;
PO 20031 ;
PO 20030 ;
PO 20029 ;
PO 20028 ;
PO 20027 ;
PO 20026 ;
PO 20025 ;
PO 20024 ;
PO 20023 ;
PO 20022 ;
PO 20021 ;
PO 20020 ;
PO 20019 ;
PO 20018 ;
PO 20017 ;
PO 20016 ;
PO 20015 ;
PO 20014 ;
PO 20013 ;
PO 20012 ;
PO 20011 ;
PO 20010 ;
PO 20009 ;
PO 20008 ;
PO 20007 ;
PO 20006 ;
PO 20005 ;
PO 20004 ;
PO 20003 ;
PO 20002 ;
PO 20001 ;
